[gd_scene load_steps=25 format=3 uid="uid://ckm7pwgnmngal"]

[ext_resource type="Script" path="res://Maps/Map.cs" id="1_n22ko"]
[ext_resource type="PackedScene" uid="uid://crbxy7tai54ii" path="res://Maps/Ilari/IlariEmpty.tscn" id="2_uvm14"]
[ext_resource type="PackedScene" uid="uid://btmag5dkf8psn" path="res://Items/Item.tscn" id="3_pfqch"]
[ext_resource type="PackedScene" uid="uid://dqqqnhev4fhpv" path="res://Items/Weapons/Revolver/RevolverDropped.tscn" id="4_cok5k"]
[ext_resource type="PackedScene" uid="uid://dx5pju4b5bjye" path="res://Items/Tools/ToolBox/ToolBoxDropped.tscn" id="5_as8c8"]
[ext_resource type="PackedScene" uid="uid://ee5filigiwj7" path="res://Items/VehicleParts/Engine/EngineI3/EngineI3Dropped.tscn" id="6_clkcr"]
[ext_resource type="PackedScene" uid="uid://7eis7so5p5lh" path="res://Vehicles/Leluota Aito/Aito.tscn" id="7_mvj3d"]
[ext_resource type="PackedScene" uid="uid://d2m4o4wnn7vc5" path="res://Items/VehicleParts/Radiator/StockRadiator/StockRadiatorDropped.tscn" id="8_sv6fk"]
[ext_resource type="PackedScene" uid="uid://v251b5nk0v47" path="res://Items/VehicleParts/Battery/StockBattery/StockBatteryDropped.tscn" id="9_swxi4"]
[ext_resource type="PackedScene" uid="uid://dqou5oo4sgp12" path="res://Items/VehicleParts/FuelInjector/StockFuelInjector/StockFuelInjectorDropped.tscn" id="10_o45u5"]
[ext_resource type="PackedScene" uid="uid://bbdseej3vgkp2" path="res://Items/VehicleParts/Alternator/StockAlternator/StockAlternatorDropped.tscn" id="11_v4fc5"]
[ext_resource type="PackedScene" uid="uid://dumbu12ex0tq0" path="res://Items/VehicleParts/WaterTank/StockWaterTank/StockWaterTankDropped.tscn" id="12_d36q2"]
[ext_resource type="PackedScene" uid="uid://d1lrao08ldrp" path="res://Items/VehicleParts/Intake/StockIntake/StockIntakeDropped.tscn" id="13_o3jgq"]
[ext_resource type="PackedScene" uid="uid://cqmsky4dxvuqh" path="res://Items/VehicleParts/Starter/StockStarter/StockStarterDropped.tscn" id="14_kojty"]
[ext_resource type="PackedScene" uid="uid://cxajf8p8axryv" path="res://Items/VehicleParts/Tire/StockTire/StockTireDropped.tscn" id="15_ous8s"]
[ext_resource type="PackedScene" uid="uid://c2o46mvvi0bgu" path="res://Items/VehicleParts/Aito/Bonnet/AitoBonnetDropped.tscn" id="16_vuwvk"]
[ext_resource type="PackedScene" uid="uid://ddq0gd58ycb7m" path="res://Items/VehicleParts/Aito/Boot/AitoBootDropped.tscn" id="17_tbri6"]
[ext_resource type="PackedScene" uid="uid://cmscsj4q6x3ik" path="res://Items/VehicleParts/Aito/Windshield/AitoWindshieldDropped.tscn" id="18_2ehkq"]
[ext_resource type="PackedScene" uid="uid://bmog00v42t8ge" path="res://Items/VehicleParts/Aito/BRDoor/AitoBRDoorDropped.tscn" id="20_f1gbt"]
[ext_resource type="PackedScene" uid="uid://c80j1g55ibdsn" path="res://Items/VehicleParts/Aito/FLDoor/AitoFLDoorDropped.tscn" id="21_4ugw1"]
[ext_resource type="PackedScene" uid="uid://c33tfbwblv3kb" path="res://Items/VehicleParts/Aito/FRDoor/AitoFRDoorDropped.tscn" id="22_74l6g"]
[ext_resource type="PackedScene" uid="uid://qiiml1cl4jf8" path="res://Items/VehicleParts/Aito/BLDoor/AitoBLDoorDropped.tscn" id="23_77v5f"]
[ext_resource type="PackedScene" uid="uid://c6fxoxlitv3wi" path="res://Items/VehicleParts/Aito/FrontSeat/AitoFrontSeatDropped.tscn" id="23_wa7sw"]
[ext_resource type="PackedScene" uid="uid://03y4xqy0sslk" path="res://Vehicles/Mopo/Mopo.tscn" id="24_h6g60"]

[node name="World" type="Node3D" groups=["World"]]
script = ExtResource("1_n22ko")

[node name="Ilari" parent="." instance=ExtResource("2_uvm14")]

[node name="Items" type="Node3D" parent="."]
transform = Transform3D(1, 0, 0, 0, 1, 0, 0, 0, 1, 787.064, 12.8403, 167.084)

[node name="Item" parent="Items" instance=ExtResource("3_pfqch")]
transform = Transform3D(-0.309, 0, 0.951062, 0, 1, 0, -0.951062, 0, -0.309, 14.3061, 3.03859, 14.8399)

[node name="Item2" parent="Items" instance=ExtResource("3_pfqch")]
transform = Transform3D(-0.309, 0, 0.951062, 0, 1, 0, -0.951062, 0, -0.309, 0.587952, 2.73993, -6.81203)

[node name="Item3" parent="Items" instance=ExtResource("3_pfqch")]
transform = Transform3D(-0.309, 0, 0.951062, 0, 1, 0, -0.951062, 0, -0.309, 0.587952, 3.01434, -6.81203)

[node name="Item4" parent="Items" instance=ExtResource("3_pfqch")]
transform = Transform3D(-0.309, 0, 0.951062, 0, 1, 0, -0.951062, 0, -0.309, 0.587952, 3.30298, -6.81203)

[node name="Item5" parent="Items" instance=ExtResource("3_pfqch")]
transform = Transform3D(-0.309, 0, 0.951062, 0, 1, 0, -0.951062, 0, -0.309, 0.587952, 3.55495, -6.81203)

[node name="Item6" parent="Items" instance=ExtResource("3_pfqch")]
transform = Transform3D(-0.309, 0, 0.951062, 0, 1, 0, -0.951062, 0, -0.309, 0.00964355, 3.80668, -6.62265)

[node name="Item7" parent="Items" instance=ExtResource("3_pfqch")]
transform = Transform3D(-0.309, 0, 0.951062, 0, 1, 0, -0.951062, 0, -0.309, 0.00964355, 4.06978, -6.62265)

[node name="Item8" parent="Items" instance=ExtResource("3_pfqch")]
transform = Transform3D(-0.309, 0, 0.951062, 0, 1, 0, -0.951062, 0, -0.309, -0.579529, 5.79238, -7.79926)

[node name="Item25" parent="Items" instance=ExtResource("3_pfqch")]
transform = Transform3D(-0.309, 0, 0.951062, 0, 1, 0, -0.951062, 0, -0.309, 0.911194, 3.83205, -4.22549)

[node name="Item26" parent="Items" instance=ExtResource("3_pfqch")]
transform = Transform3D(-0.309, 0, 0.951062, 0, 1, 0, -0.951062, 0, -0.309, 0.91394, 4.17728, -4.22787)

[node name="Item27" parent="Items" instance=ExtResource("3_pfqch")]
transform = Transform3D(-0.309, 0, 0.951062, 0, 1, 0, -0.951062, 0, -0.309, 0.91394, 4.45169, -4.22787)

[node name="Item28" parent="Items" instance=ExtResource("3_pfqch")]
transform = Transform3D(-0.309, 0, 0.951062, 0, 1, 0, -0.951062, 0, -0.309, 0.91394, 4.74033, -4.22787)

[node name="Item29" parent="Items" instance=ExtResource("3_pfqch")]
transform = Transform3D(-0.309, 0, 0.951062, 0, 1, 0, -0.951062, 0, -0.309, 0.91394, 4.9923, -4.22787)

[node name="Item30" parent="Items" instance=ExtResource("3_pfqch")]
transform = Transform3D(-0.309, 0, 0.951062, 0, 1, 0, -0.951062, 0, -0.309, 0.911194, 5.24403, -4.22549)

[node name="Item32" parent="Items" instance=ExtResource("3_pfqch")]
transform = Transform3D(-0.309, 0, 0.951062, 0, 1, 0, -0.951062, 0, -0.309, 0.911194, 5.76546, -4.22549)

[node name="Item33" parent="Items" instance=ExtResource("3_pfqch")]
transform = Transform3D(-0.309, 0, 0.951062, 0, 1, 0, -0.951062, 0, -0.309, 3.1637, 3.83205, 2.92165)

[node name="Item34" parent="Items" instance=ExtResource("3_pfqch")]
transform = Transform3D(-0.309, 0, 0.951062, 0, 1, 0, -0.951062, 0, -0.309, 3.1665, 4.17728, 2.91925)

[node name="Item35" parent="Items" instance=ExtResource("3_pfqch")]
transform = Transform3D(-0.309, 0, 0.951062, 0, 1, 0, -0.951062, 0, -0.309, 3.1665, 4.45169, 2.91925)

[node name="Item36" parent="Items" instance=ExtResource("3_pfqch")]
transform = Transform3D(-0.309, 0, 0.951062, 0, 1, 0, -0.951062, 0, -0.309, 3.1665, 4.74033, 2.91925)

[node name="Item37" parent="Items" instance=ExtResource("3_pfqch")]
transform = Transform3D(-0.309, 0, 0.951062, 0, 1, 0, -0.951062, 0, -0.309, 3.1665, 4.9923, 2.91925)

[node name="Item38" parent="Items" instance=ExtResource("3_pfqch")]
transform = Transform3D(-0.309, 0, 0.951062, 0, 1, 0, -0.951062, 0, -0.309, 3.1637, 5.24403, 2.92165)

[node name="Item39" parent="Items" instance=ExtResource("3_pfqch")]
transform = Transform3D(-0.309, 0, 0.951062, 0, 1, 0, -0.951062, 0, -0.309, 3.1637, 5.50713, 2.92165)

[node name="Item40" parent="Items" instance=ExtResource("3_pfqch")]
transform = Transform3D(-0.309, 0, 0.951062, 0, 1, 0, -0.951062, 0, -0.309, 3.1637, 5.76546, 2.92165)

[node name="Item41" parent="Items" instance=ExtResource("3_pfqch")]
transform = Transform3D(-0.309, 0, 0.951062, 0, 1, 0, -0.951062, 0, -0.309, 2.14258, 3.83205, -0.416092)

[node name="Item42" parent="Items" instance=ExtResource("3_pfqch")]
transform = Transform3D(-0.309, 0, 0.951062, 0, 1, 0, -0.951062, 0, -0.309, 2.14532, 4.17728, -0.418472)

[node name="Item43" parent="Items" instance=ExtResource("3_pfqch")]
transform = Transform3D(-0.309, 0, 0.951062, 0, 1, 0, -0.951062, 0, -0.309, 2.14532, 4.45169, -0.418472)

[node name="Item44" parent="Items" instance=ExtResource("3_pfqch")]
transform = Transform3D(-0.309, 0, 0.951062, 0, 1, 0, -0.951062, 0, -0.309, 2.14532, 4.74033, -0.418472)

[node name="Item45" parent="Items" instance=ExtResource("3_pfqch")]
transform = Transform3D(-0.309, 0, 0.951062, 0, 1, 0, -0.951062, 0, -0.309, 2.14532, 4.9923, -0.418472)

[node name="Item46" parent="Items" instance=ExtResource("3_pfqch")]
transform = Transform3D(-0.309, 0, 0.951062, 0, 1, 0, -0.951062, 0, -0.309, 2.14258, 5.24403, -0.416092)

[node name="Item47" parent="Items" instance=ExtResource("3_pfqch")]
transform = Transform3D(-0.309, 0, 0.951062, 0, 1, 0, -0.951062, 0, -0.309, 2.14258, 5.50713, -0.416092)

[node name="Item48" parent="Items" instance=ExtResource("3_pfqch")]
transform = Transform3D(-0.309, 0, 0.951062, 0, 1, 0, -0.951062, 0, -0.309, 2.14258, 5.76546, -0.416092)

[node name="Item9" parent="Items" instance=ExtResource("3_pfqch")]
transform = Transform3D(-0.309, 0, 0.951062, 0, 1, 0, -0.951062, 0, -0.309, 8.73883, 2.07195, 14.5547)

[node name="Item10" parent="Items" instance=ExtResource("3_pfqch")]
transform = Transform3D(-0.309, 0, 0.951062, 0, 1, 0, -0.951062, 0, -0.309, 8.73883, 2.41719, 14.5547)

[node name="Item11" parent="Items" instance=ExtResource("3_pfqch")]
transform = Transform3D(-0.309, 0, 0.951062, 0, 1, 0, -0.951062, 0, -0.309, 8.73883, 2.6916, 14.5547)

[node name="Item12" parent="Items" instance=ExtResource("3_pfqch")]
transform = Transform3D(-0.309, 0, 0.951062, 0, 1, 0, -0.951062, 0, -0.309, 8.73883, 2.98024, 14.5547)

[node name="Item13" parent="Items" instance=ExtResource("3_pfqch")]
transform = Transform3D(-0.309, 0, 0.951062, 0, 1, 0, -0.951062, 0, -0.309, 8.73883, 3.23221, 14.5547)

[node name="Item14" parent="Items" instance=ExtResource("3_pfqch")]
transform = Transform3D(-0.309, 0, 0.951062, 0, 1, 0, -0.951062, 0, -0.309, 8.73883, 3.48394, 14.5547)

[node name="Item15" parent="Items" instance=ExtResource("3_pfqch")]
transform = Transform3D(-0.309, 0, 0.951062, 0, 1, 0, -0.951062, 0, -0.309, 8.73883, 4.00537, 14.5547)

[node name="Item16" parent="Items" instance=ExtResource("3_pfqch")]
transform = Transform3D(-0.309, 0, 0.951062, 0, 1, 0, -0.951062, 0, -0.309, 8.73883, 3.74704, 14.5547)

[node name="Item17" parent="Items" instance=ExtResource("3_pfqch")]
transform = Transform3D(-0.309, 0, 0.951062, 0, 1, 0, -0.951062, 0, -0.309, 8.65918, 2.07195, 14.3096)

[node name="Item18" parent="Items" instance=ExtResource("3_pfqch")]
transform = Transform3D(-0.309, 0, 0.951062, 0, 1, 0, -0.951062, 0, -0.309, 8.65918, 2.41719, 14.3096)

[node name="Item19" parent="Items" instance=ExtResource("3_pfqch")]
transform = Transform3D(-0.309, 0, 0.951062, 0, 1, 0, -0.951062, 0, -0.309, 8.65918, 2.6916, 14.3096)

[node name="Item20" parent="Items" instance=ExtResource("3_pfqch")]
transform = Transform3D(-0.309, 0, 0.951062, 0, 1, 0, -0.951062, 0, -0.309, 8.65918, 2.98024, 14.3096)

[node name="Item21" parent="Items" instance=ExtResource("3_pfqch")]
transform = Transform3D(-0.309, 0, 0.951062, 0, 1, 0, -0.951062, 0, -0.309, 8.65918, 3.23221, 14.3096)

[node name="Item22" parent="Items" instance=ExtResource("3_pfqch")]
transform = Transform3D(-0.309, 0, 0.951062, 0, 1, 0, -0.951062, 0, -0.309, 8.65918, 3.48394, 14.3096)

[node name="Item23" parent="Items" instance=ExtResource("3_pfqch")]
transform = Transform3D(-0.309, 0, 0.951062, 0, 1, 0, -0.951062, 0, -0.309, 8.65918, 4.00537, 14.3096)

[node name="Item24" parent="Items" instance=ExtResource("3_pfqch")]
transform = Transform3D(-0.309, 0, 0.951062, 0, 1, 0, -0.951062, 0, -0.309, 8.65918, 3.74704, 14.3096)

[node name="RevolverDropped" parent="." instance=ExtResource("4_cok5k")]
transform = Transform3D(1, 0, 0, 0, 1, 0, 0, 0, 1, 789.964, 20.0378, 162.234)

[node name="RevolverDropped2" parent="." instance=ExtResource("4_cok5k")]
transform = Transform3D(1, 0, 0, 0, 1, 0, 0, 0, 1, 801.054, 14.8786, 166.804)

[node name="RevolverDropped3" parent="." instance=ExtResource("4_cok5k")]
transform = Transform3D(1, 0, 0, 0, 1, 0, 0, 0, 1, 790.104, 14.0749, 172.314)

[node name="RevolverDropped4" parent="." instance=ExtResource("4_cok5k")]
transform = Transform3D(1, 0, 0, 0, 1, 0, 0, 0, 1, 788.544, 14.0749, 172.314)

[node name="ToolBoxDropped" parent="." instance=ExtResource("5_as8c8")]
transform = Transform3D(0.296742, 0, 0.954957, 0, 1, 0, -0.954957, 0, 0.296742, 799.848, 16.0323, 190.963)

[node name="ToolBoxDropped2" parent="." instance=ExtResource("5_as8c8")]
transform = Transform3D(0.786569, 0, 0.617503, 0, 1, 0, -0.617503, 0, 0.786569, 799.429, 16.0323, 190.73)

[node name="ToolBoxDropped3" parent="." instance=ExtResource("5_as8c8")]
transform = Transform3D(0.49335, 0, 0.869831, 0, 1, 0, -0.869831, 0, 0.49335, 799.843, 16.3619, 190.457)

[node name="ToolBoxDropped4" parent="." instance=ExtResource("5_as8c8")]
transform = Transform3D(0.878241, 0, -0.478216, 0, 1, 0, 0.478216, 0, 0.878241, 800.308, 16.0437, 191.103)

[node name="Engine" parent="." instance=ExtResource("6_clkcr")]
transform = Transform3D(-0.125125, 0.865845, 0.484413, 0.989719, 0.143026, -4.44089e-16, -0.0692836, 0.479432, -0.87484, 799.982, 15.289, 191.609)

[node name="Engine2" parent="." instance=ExtResource("6_clkcr")]
transform = Transform3D(-0.125125, 0.865845, 0.484413, 0.989719, 0.143026, -4.44089e-16, -0.0692836, 0.479432, -0.87484, 790.159, 15.289, 184.293)

[node name="Aito2" parent="." instance=ExtResource("7_mvj3d")]
transform = Transform3D(-0.87484, 0, 0.484413, 0, 1, 0, -0.484413, 0, -0.87484, 797.183, 14.225, 187.395)

[node name="StockRadiatorDropped" parent="." instance=ExtResource("8_sv6fk")]
transform = Transform3D(0.0900899, -0.61016, 0.78714, 0.989275, 0.146066, -2.35854e-09, -0.114975, 0.778697, 0.616775, 800.43, 14.9665, 191.193)

[node name="StockBatteryDropped" parent="." instance=ExtResource("9_swxi4")]
transform = Transform3D(-0.87484, 0, 0.484413, 0, 1, 0, -0.484413, 0, -0.87484, 798.15, 15.077, 189.943)

[node name="StockBatteryDropped2" parent="." instance=ExtResource("9_swxi4")]
transform = Transform3D(-0.87484, 0, 0.484413, 0, 1, 0, -0.484413, 0, -0.87484, 791.063, 15.077, 183.152)

[node name="StockFuelInjectorDropped" parent="." instance=ExtResource("10_o45u5")]
transform = Transform3D(0.046055, 0.98426, 0.170623, 0.998907, -0.0467403, 8.79786e-10, 0.00797497, 0.170436, -0.985336, 799.257, 15.0378, 190.669)

[node name="StockAlternatorDropped" parent="." instance=ExtResource("11_v4fc5")]
transform = Transform3D(-0.87484, 0.484406, -0.00258711, 0, -0.00534071, -0.999986, -0.484413, -0.874827, 0.00467226, 799.231, 15.0278, 191.479)

[node name="StockWaterTankDropped" parent="." instance=ExtResource("12_d36q2")]
transform = Transform3D(-0.87484, 0, 0.484413, 0, 1, 0, -0.484413, 0, -0.87484, 800.253, 14.1562, 191.347)

[node name="StockFuelInjectorDropped2" parent="." instance=ExtResource("13_o3jgq")]
transform = Transform3D(-0.172497, 0, 0.98501, 0, 1, 0, -0.98501, 0, -0.172497, 798.525, 15.0366, 190.607)

[node name="StockStarterDropped" parent="." instance=ExtResource("14_kojty")]
transform = Transform3D(-0.87484, 0, 0.484413, 0, 1, 0, -0.484413, 0, -0.87484, 798.827, 15.0804, 190.763)

[node name="StockStarterDropped2" parent="." instance=ExtResource("14_kojty")]
transform = Transform3D(-0.87484, 0, 0.484413, 0, 1, 0, -0.484413, 0, -0.87484, 791.505, 15.108, 182.343)

[node name="StockTireDropped" parent="." instance=ExtResource("15_ous8s")]
transform = Transform3D(3.82405e-08, -0.87484, 0.484413, -1, -4.37114e-08, 0, 2.11744e-08, -0.484413, -0.87484, 798.59, 14.27, 190.449)

[node name="StockTireDropped2" parent="." instance=ExtResource("15_ous8s")]
transform = Transform3D(3.82405e-08, 0.87484, 0.484413, 1, -4.37114e-08, 0, 2.11744e-08, 0.484413, -0.87484, 798.575, 13.9879, 190.498)

[node name="StockTireDropped3" parent="." instance=ExtResource("15_ous8s")]
transform = Transform3D(3.82405e-08, 0.87484, 0.484413, 1, -4.37114e-08, 0, 2.11744e-08, 0.484413, -0.87484, 797.844, 13.989, 190.413)

[node name="StockTireDropped4" parent="." instance=ExtResource("15_ous8s")]
transform = Transform3D(3.82405e-08, 0.87484, 0.484413, 1, -4.37114e-08, 0, 2.11744e-08, 0.484413, -0.87484, 797.852, 14.2244, 190.337)

[node name="StockTireDropped5" parent="." instance=ExtResource("15_ous8s")]
transform = Transform3D(3.82405e-08, -0.87484, 0.484413, -1, -4.37114e-08, 0, 2.11744e-08, -0.484413, -0.87484, 793.579, 14.27, 187.47)

[node name="StockTireDropped6" parent="." instance=ExtResource("15_ous8s")]
transform = Transform3D(3.82405e-08, 0.87484, 0.484413, 1, -4.37114e-08, 0, 2.11744e-08, 0.484413, -0.87484, 793.564, 13.9879, 187.519)

[node name="StockTireDropped7" parent="." instance=ExtResource("15_ous8s")]
transform = Transform3D(3.82405e-08, 0.87484, 0.484413, 1, -4.37114e-08, 0, 2.11744e-08, 0.484413, -0.87484, 792.833, 13.989, 187.434)

[node name="StockTireDropped8" parent="." instance=ExtResource("15_ous8s")]
transform = Transform3D(3.82405e-08, 0.87484, 0.484413, 1, -4.37114e-08, 0, 2.11744e-08, 0.484413, -0.87484, 792.841, 14.2244, 187.358)

[node name="AitoBonnet" parent="." instance=ExtResource("16_vuwvk")]
transform = Transform3D(-0.521248, 0, -0.853405, 0, 1, 0, 0.853405, 0, -0.521248, 800.977, 14.3939, 188.822)

[node name="AitoBootDropped" parent="." instance=ExtResource("17_tbri6")]
transform = Transform3D(-0.87484, 0, 0.484413, 0, 1, 0, -0.484413, 0, -0.87484, 795.339, 14.873, 186.703)

[node name="AitoWindshieldDropped" parent="." instance=ExtResource("18_2ehkq")]
transform = Transform3D(-0.87484, 0, 0.484413, 0, 1, 0, -0.484413, 0, -0.87484, 796.243, 14.5269, 184.943)

[node name="AitoBRDoorDropped" parent="." instance=ExtResource("20_f1gbt")]
transform = Transform3D(-0.87484, 0, 0.484413, 0, 1, 0, -0.484413, 0, -0.87484, 802.824, 13.5269, 187.467)

[node name="AitoFLDoorDropped" parent="." instance=ExtResource("21_4ugw1")]
transform = Transform3D(-0.87484, 0, 0.484413, 0, 1, 0, -0.484413, 0, -0.87484, 802.215, 13.5269, 188.113)

[node name="AitoFRDoorDropped" parent="." instance=ExtResource("22_74l6g")]
transform = Transform3D(-0.87484, 0, 0.484413, 0, 1, 0, -0.484413, 0, -0.87484, 801.616, 13.5269, 188.844)

[node name="AitoBLDoorDropped" parent="." instance=ExtResource("23_77v5f")]
transform = Transform3D(-0.87484, 0, 0.484413, 0, 1, 0, -0.484413, 0, -0.87484, 802.401, 13.5269, 187.221)

[node name="AitoFrontSeat" parent="." instance=ExtResource("23_wa7sw")]
transform = Transform3D(-0.87484, 0, 0.484413, 0, 1, 0, -0.484413, 0, -0.87484, 799.672, 14.232, 187.102)

[node name="AitoFrontSeat2" parent="." instance=ExtResource("23_wa7sw")]
transform = Transform3D(-0.87484, 0, 0.484413, 0, 1, 0, -0.484413, 0, -0.87484, 800.38, 14.232, 187.441)

[node name="AitoFrontSeat3" parent="." instance=ExtResource("23_wa7sw")]
transform = Transform3D(-0.87484, 0, 0.484413, 0, 1, 0, -0.484413, 0, -0.87484, 794.338, 14.232, 184.27)

[node name="AitoFrontSeat4" parent="." instance=ExtResource("23_wa7sw")]
transform = Transform3D(-0.87484, 0, 0.484413, 0, 1, 0, -0.484413, 0, -0.87484, 793.777, 14.232, 185.292)

[node name="Mopo" parent="." instance=ExtResource("24_h6g60")]
transform = Transform3D(0.301505, 0, 0.953465, 0, 1, 0, -0.953465, 0, 0.301505, 811.315, 15.8161, 201.666)

[node name="Aito" parent="." instance=ExtResource("7_mvj3d")]
transform = Transform3D(-0.897751, 0, 0.440503, 0, 1, 0, -0.440503, 0, -0.897751, 791.992, 13.8977, 184.171)
