[gd_scene load_steps=9 format=3 uid="uid://ee5filigiwj7"]

[ext_resource type="Script" path="res://Items/VehicleParts/Engine/EngineDropped.cs" id="1_hb4bc"]
[ext_resource type="PackedScene" uid="uid://bm6h1pyti3rlk" path="res://Items/VehicleParts/Engine/EngineI3/engine.blend" id="2_p2all"]

[sub_resource type="PhysicsMaterial" id="PhysicsMaterial_7eo7n"]
rough = true

[sub_resource type="BoxShape3D" id="BoxShape3D_ncnkn"]
size = Vector3(0.2, 0.701367, 0.45)

[sub_resource type="BoxShape3D" id="BoxShape3D_t821h"]
size = Vector3(0.275952, 0.31084, 0.525525)

[sub_resource type="BoxShape3D" id="BoxShape3D_ba1xn"]
size = Vector3(0.198035, 0.325351, 0.0605804)

[sub_resource type="BoxShape3D" id="BoxShape3D_svarn"]
size = Vector3(0.198035, 0.216386, 0.0605804)

[sub_resource type="BoxShape3D" id="BoxShape3D_ren2b"]
size = Vector3(0.198035, 0.239541, 0.0605804)

[node name="Engine" type="RigidBody3D"]
collision_layer = 8
collision_mask = 31
physics_material_override = SubResource("PhysicsMaterial_7eo7n")
script = ExtResource("1_hb4bc")
itemId = 100
condition = 100.0

[node name="Node3D" type="Node3D" parent="."]
transform = Transform3D(-4.37114e-08, 0, -1, 0, 1, 0, 1, 0, -4.37114e-08, 0, 0, 0)

[node name="CollisionShape3D" type="CollisionShape3D" parent="."]
transform = Transform3D(-4.37114e-08, 0, -1, 0, 1, 0, 1, 0, -4.37114e-08, 0, -0.175684, 0)
shape = SubResource("BoxShape3D_ncnkn")

[node name="CollisionShape3D2" type="CollisionShape3D" parent="."]
transform = Transform3D(-4.37114e-08, 0, -1, 0, 1, 0, 1, 0, -4.37114e-08, -0.000787355, -0.229053, -0.00118407)
shape = SubResource("BoxShape3D_t821h")

[node name="CollisionShape3D3" type="CollisionShape3D" parent="."]
transform = Transform3D(-4.37114e-08, 0, -1, 0, 1, 0, 1, 0, -4.37114e-08, -0.00471041, -0.154613, 0.131536)
shape = SubResource("BoxShape3D_ba1xn")

[node name="CollisionShape3D6" type="CollisionShape3D" parent="."]
transform = Transform3D(0.248456, -0.38838, -0.887373, -0.383454, 0.801825, -0.458301, 0.889513, 0.454134, 0.0502924, 0.02746, -0.38493, 0.0842028)
shape = SubResource("BoxShape3D_svarn")

[node name="CollisionShape3D4" type="CollisionShape3D" parent="."]
transform = Transform3D(-5.35981e-08, -0.633408, -0.773818, 2.76871e-08, 0.773818, -0.633408, 1, -5.53742e-08, -2.39379e-08, -0.0804064, -0.112563, 0.131536)
shape = SubResource("BoxShape3D_ren2b")

[node name="CollisionShape3D5" type="CollisionShape3D" parent="."]
transform = Transform3D(-5.40298e-08, 0.645284, -0.763942, -2.82063e-08, 0.763942, 0.645284, 1, 5.64126e-08, -2.30746e-08, 0.0753867, -0.112563, 0.131536)
shape = SubResource("BoxShape3D_ren2b")

[node name="engine" parent="." instance=ExtResource("2_p2all")]
transform = Transform3D(-4.37114e-09, 0, -0.1, 0, 0.1, 0, 0.1, 0, -4.37114e-09, 0, 0, 0)
