[gd_scene load_steps=8 format=3 uid="uid://c80j1g55ibdsn"]

[ext_resource type="Script" path="res://Items/VehicleParts/Door/DoorDropped.cs" id="1_egf72"]
[ext_resource type="PackedScene" uid="uid://bgg68cgo3268a" path="res://Items/VehicleParts/Aito/FLDoor/aitoFLDoor.blend" id="2_vo2pj"]

[sub_resource type="BoxShape3D" id="BoxShape3D_3sbk5"]
size = Vector3(0.1, 0.720635, 0.859375)

[sub_resource type="BoxShape3D" id="BoxShape3D_my7or"]
size = Vector3(0.1, 0.714484, 0.138443)

[sub_resource type="BoxShape3D" id="BoxShape3D_gaa7p"]
size = Vector3(0.1, 0.448396, 0.0916822)

[sub_resource type="BoxShape3D" id="BoxShape3D_0su32"]
size = Vector3(0.1, 0.492951, 0.0786428)

[sub_resource type="BoxShape3D" id="BoxShape3D_i582k"]
size = Vector3(0.1, 0.386612, 0.0786428)

[node name="AitoFLDoorDropped" type="RigidBody3D"]
collision_layer = 8
collision_mask = 31
script = ExtResource("1_egf72")
itemId = 110
condition = 100.0

[node name="CollisionShape3D" type="CollisionShape3D" parent="."]
transform = Transform3D(1, 0, 0, 0, 1, 0, 0, 0, 1, 0, 0.337097, -0.334068)
shape = SubResource("BoxShape3D_3sbk5")

[node name="CollisionShape3D2" type="CollisionShape3D" parent="."]
transform = Transform3D(1, 0, 0, 0, 0.993199, 0.116428, 0, -0.116428, 0.993199, 0, 0.34, -0.745251)
shape = SubResource("BoxShape3D_my7or")

[node name="CollisionShape3D7" type="CollisionShape3D" parent="."]
transform = Transform3D(1, 0, 0, 0, 0.988263, 0.152762, 0, -0.152762, 0.988263, 0, 0.625265, 0.0788346)
shape = SubResource("BoxShape3D_gaa7p")

[node name="CollisionShape3D3" type="CollisionShape3D" parent="."]
transform = Transform3D(0.972869, -0.229784, -0.0269365, 0.230984, 0.95808, 0.169497, -0.0131405, -0.171121, 0.985163, -0.0564718, 0.915562, -0.857728)
shape = SubResource("BoxShape3D_0su32")

[node name="CollisionShape3D4" type="CollisionShape3D" parent="."]
transform = Transform3D(0.999594, -0.0050504, -0.0280271, 0.028035, 0.00151695, 0.999606, -0.00500592, -0.999986, 0.00165787, -0.119965, 1.1394, -0.743262)
shape = SubResource("BoxShape3D_i582k")

[node name="CollisionShape3D5" type="CollisionShape3D" parent="."]
transform = Transform3D(0.993816, -0.111004, -0.00274307, 0.031489, 0.25806, 0.965616, -0.106479, -0.959731, 0.25996, -0.10104, 1.09498, -0.413482)
shape = SubResource("BoxShape3D_i582k")

[node name="CollisionShape3D6" type="CollisionShape3D" parent="."]
transform = Transform3D(0.993816, -0.111004, -0.00274307, 0.0649766, 0.561349, 0.825024, -0.0900408, -0.820101, 0.565091, -0.0556738, 0.942289, -0.105506)
shape = SubResource("BoxShape3D_i582k")

[node name="aitoFLDoor" parent="." instance=ExtResource("2_vo2pj")]
transform = Transform3D(-1.18, 0, -1.78175e-07, 0, 1.18, 0, 1.78175e-07, 0, -1.18, -0.826, 0.4, -0.69)
