[gd_scene load_steps=8 format=3 uid="uid://dw8yqekf8bish"]

[ext_resource type="Script" path="res://Items/VehicleParts/Door/Door.cs" id="1_84hdc"]
[ext_resource type="PackedScene" uid="uid://bi4a6khgqqld" path="res://Items/VehicleParts/Aito/FRDoor/aitoFRDoor.blend" id="2_bhwsi"]

[sub_resource type="BoxShape3D" id="BoxShape3D_hw8uh"]
size = Vector3(0.1, 0.720635, 0.859375)

[sub_resource type="BoxShape3D" id="BoxShape3D_niwn3"]
size = Vector3(0.1, 0.714484, 0.138443)

[sub_resource type="BoxShape3D" id="BoxShape3D_5ygbu"]
size = Vector3(0.1, 0.448396, 0.0916822)

[sub_resource type="BoxShape3D" id="BoxShape3D_dapae"]
size = Vector3(0.1, 0.492951, 0.0786428)

[sub_resource type="BoxShape3D" id="BoxShape3D_qcwi0"]
size = Vector3(0.1, 0.386612, 0.0786428)

[node name="AitoFRDoor" type="RigidBody3D"]
collision_layer = 16
collision_mask = 11
script = ExtResource("1_84hdc")

[node name="CollisionShape3D" type="CollisionShape3D" parent="."]
transform = Transform3D(1, 0, 0, 0, 1, 0, 0, 0, 1, 0, 0.337097, -0.334068)
shape = SubResource("BoxShape3D_hw8uh")

[node name="CollisionShape3D2" type="CollisionShape3D" parent="."]
transform = Transform3D(1, 0, 0, 0, 0.993199, 0.116428, 0, -0.116428, 0.993199, 0, 0.34, -0.745251)
shape = SubResource("BoxShape3D_niwn3")

[node name="CollisionShape3D7" type="CollisionShape3D" parent="."]
transform = Transform3D(1, 0, 0, 0, 0.988263, 0.152762, 0, -0.152762, 0.988263, 0, 0.625265, 0.0788346)
shape = SubResource("BoxShape3D_5ygbu")

[node name="CollisionShape3D3" type="CollisionShape3D" parent="."]
transform = Transform3D(0.970465, 0.23967, -0.0275142, -0.231711, 0.957778, 0.17021, 0.0671466, -0.158807, 0.985024, 0.056, 0.916, -0.858)
shape = SubResource("BoxShape3D_dapae")

[node name="CollisionShape3D4" type="CollisionShape3D" parent="."]
transform = Transform3D(0.999594, -0.0050504, -0.0280271, 0.028035, 0.00151695, 0.999606, -0.00500592, -0.999986, 0.00165787, 0.12, 1.139, -0.743)
shape = SubResource("BoxShape3D_qcwi0")

[node name="CollisionShape3D5" type="CollisionShape3D" parent="."]
transform = Transform3D(0.991259, 0.131898, -0.00272795, -0.0317475, 0.258563, 0.965473, 0.128049, -0.956948, 0.26049, 0.101, 1.095, -0.413)
shape = SubResource("BoxShape3D_qcwi0")

[node name="CollisionShape3D6" type="CollisionShape3D" parent="."]
transform = Transform3D(0.992862, 0.119227, -0.00295815, -0.0649357, 0.561223, 0.825113, 0.100036, -0.819032, 0.564959, 0.056, 0.942, -0.106)
shape = SubResource("BoxShape3D_qcwi0")

[node name="aitoFRDoor" parent="." instance=ExtResource("2_bhwsi")]
transform = Transform3D(-1.18, 0, -1.78175e-07, 0, 1.18, 0, 1.78175e-07, 0, -1.18, 0.826, 0.4, -0.69)
